[0;37;5;47;107m                                                                                [0m
[0;37;5;47;107m  .  . .  .  . .  .  . .  .  . .  .  . .  .  . .  .  . .  .  . .  .  . .  .  .  [0m
[0;37;5;47;107m   .       .       .       .       .       .       .       .       .       .   .[0m
[0;37;5;47;107m     .  .    .  .    .  .    .  .    .  .    .  .    .  .    .  .    .  .    .  [0m
[0;37;5;47;107m .       .       .       .       .       .       .       .       .       .      [0m
[0;37;5;47;107m   .  .  :t@8888[0;1;37;97;47m%[0;1;36;96;47mXSXSXSS[0;1;37;97;47m8[0;37;5;47;107m8888[0;1;37;97;47m@@[0;1;36;96;47m8XSSXS[0;1;37;97;47m88[0;37;5;47;107m8888[0;1;37;97;47m%[0;1;36;96;47mXSXSSSS[0;1;37;97;47m8[0;37;5;47;107m8888[0;1;37;97;47m@@[0;1;36;96;47m8XSXSX[0;1;37;97;47m88[0;37;5;47;107m88@. .   .  . [0m
[0;37;5;47;107m  .    ..[0;1;36;96;47m8[0;37;46m@[0;1;30;90;45m8[0;31;5;41;101m [0;35;5;41;101m  :[0;37;45mX[0;35;47m8[0;1;30;90;45m8[0;1;30;90;47m8[0;37;45m8[0;1;30;90;47m8[0;1;30;90;45m8[0;1;30;90;47m8[0;35;5;41;101m:.. .[0;1;31;91;45m8[0;37;45m8[0;35;5;40;100m.[0;35;47m88[0;35;5;40;100m [0;35;47m8[0;1;30;90;47m8[0;1;30;90;45m8[0;35;5;41;101m  . :[0;37;45mX[0;35;47m8[0;1;30;90;45m8[0;1;30;90;47m8[0;35;47m8[0;37;45m8[0;1;30;90;47m8[0;1;30;90;45m8[0;35;5;41;101m::.  [0;1;31;91;45m8[0;37;45m8[0;35;5;40;100m [0;35;47m88[0;1;30;90;45m8[0;1;30;90;47m8[0;37;45m8[0;1;30;90;45m8[0;35;5;41;101m ...[0;1;37;97;47m8[0;37;5;47;107mt     .   [0m
[0;37;5;47;107m    .   %[0;36;5;46;106m8[0;1;30;90;47mX[0;35;5;41;101m [0;35;5;45;105m [0;35;5;41;101m;[0;1;35;95;45m;[0;35;5;41;101m   [0;1;35;95;5;41;101m8[0;31;5;41;101m [0;35;5;41;101m  [0;1;35;95;5;41;101m8[0;35;5;41;101m [0;1;35;95;45m;[0;1;35;95;5;41;101m8[0;1;31;91;45m8[0;35;5;45;105m [0;31;5;41;101m:[0;35;5;41;101m: [0;1;35;95;5;41;101m8[0;31;5;41;101m [0;35;5;41;101m [0;1;35;95;5;41;101m8[0;31;5;41;101m [0;35;5;41;101m [0;1;35;95;5;41;101m8[0;35;5;41;101m;[0;35;5;45;105mt[0;35;5;41;101mt[0;35;5;45;105mt[0;35;5;41;101m:  [0;1;35;95;5;41;101m8[0;31;5;41;101m [0;35;5;41;101m   [0;1;35;95;5;41;101m8[0;1;31;91;45m8[0;35;5;45;105m [0;35;5;41;101mt[0;1;35;95;45m:[0;1;35;95;5;41;101m8[0;35;5;41;101m  [0;1;35;95;5;41;101m8[0;31;5;41;101m [0;35;5;41;101m    [0;1;35;95;5;41;101m8[0;35;5;41;101m;[0;35;5;45;105mt[0;35;5;41;101mt[0;1;35;95;45m;[0;1;30;90;47mt[0;1;36;96;47m8[0;37;5;47;107mt .    . [0m
[0;37;5;47;107m  .   . %[0;1;36;96;46m8[0;35;47m8[0;35;5;41;101m ;:[0;1;31;91;5;45;105m8[0;35;5;41;101m:[0;35;5;45;105m;[0;35;5;41;101m;;[0;35;5;45;105m;[0;35;5;41;101m;[0;1;31;91;45m8[0;35;5;41;101m [0;35;5;45;105m [0;31;5;41;101m [0;35;5;41;101m..t[0;1;35;95;45m:[0;1;35;95;5;41;101m8[0;35;5;41;101m:[0;1;35;95;45m.[0;1;35;95;5;41;101m@[0;35;5;41;101m [0;1;31;91;45m8[0;1;35;95;5;41;101m8[0;35;5;41;101m:[0;1;35;95;45m.[0;35;5;41;101m :[0;1;31;91;45m8[0;35;5;41;101m.[0;1;35;95;45m.[0;1;35;95;5;41;101m8[0;35;5;41;101m:[0;1;31;91;45m8[0;1;35;95;5;41;101m8[0;1;31;91;45m8[0;35;5;45;105m [0;31;5;41;101m;[0;35;5;41;101m:.t. [0;1;35;95;45m:[0;1;35;95;5;41;101m8[0;35;5;41;101m:[0;1;31;91;45m8[0;1;35;95;5;41;101m8[0;1;31;91;45m8[0;1;31;91;5;45;105m8[0;35;5;41;101m:[0;35;5;45;105m;[0;31;5;41;101m;[0;1;31;91;45m8[0;35;5;41;101m . [0;1;30;90;47mS[0;37;5;46;106m@[0;37;5;47;107m%   .    [0m
[0;37;5;47;107m    .   %[0;1;36;96;47mX[0;37;5;40;100m8[0;35;5;41;101m.[0;1;35;95;45mt[0;35;5;41;101m [0;37;45m@[0;35;5;41;101m ;[0;37;45m@[0;35;5;41;101m ;[0;1;31;91;45m8[0;1;31;91;5;45;105m8[0;35;5;41;101m:[0;33;5;41;101m;[0;37;45m@[0;35;5;41;101m [0;35;5;45;105m;[0;33;5;41;101m.[0;35;5;41;101m [0;35;47m8[0;35;5;41;101m [0;1;35;95;5;41;101m8[0;35;5;41;101m.[0;37;5;45;105m@[0;31;5;41;101m [0;1;31;91;45m8[0;1;35;95;5;41;101m8[0;35;5;41;101m [0;37;5;45;105m@[0;35;5;41;101m..[0;37;5;45;105m@[0;31;5;41;101m [0;35;5;41;101m.[0;37;5;45;105m@[0;31;5;41;101m [0;35;5;41;101m:.t[0;37;45m@[0;35;5;41;101m [0;37;5;45;105m@[0;35;5;41;101m;[0;1;35;95;47m8[0;35;5;41;101m  [0;1;35;95;47m8[0;35;5;41;101m  [0;35;5;45;105m:[0;33;5;41;101m [0;35;5;41;101mt[0;35;47m8[0;31;5;41;101m [0;35;5;41;101m:[0;1;35;95;47m8[0;35;5;41;101m.[0;35;5;45;105mt[0;35;5;41;101m%[0;36;47m@[0;1;36;96;47m8[0;37;5;47;107m;.    .  [0m
[0;37;5;47;107m  .   . t[0;36;47m8[0;37;45m8[0;35;5;41;101m [0;1;35;95;5;41;101m8[0;35;5;41;101m [0;1;35;95;5;41;101m8[0;35;5;41;101m:[0;35;5;45;105m.[0;31;5;41;101m [0;1;31;91;45m8[0;1;35;95;5;41;101m8[0;37;5;41;101m8[0;35;5;41;101m [0;37;45m@[0;35;5;41;101m [0;1;35;95;5;41;101m8[0;35;5;41;101m:t[0;35;47m8[0;35;5;41;101m [0;1;35;95;5;41;101m8[0;35;5;41;101m [0;37;45m@[0;35;5;41;101m .[0;1;35;95;45m.[0;1;35;95;5;41;101mX[0;35;5;41;101m [0;37;45m@[0;31;5;41;101m [0;1;35;95;45m.[0;35;5;41;101m  [0;1;35;95;45m:[0;35;5;41;101m .[0;1;35;95;45m;[0;37;5;41;101m8[0;1;31;91;5;45;105m8[0;35;5;41;101m. [0;35;5;45;105m:[0;31;5;41;101m;[0;35;5;41;101m;;[0;35;5;45;105m;[0;31;5;41;101m.[0;35;5;41;101m:[0;35;5;45;105mt[0;31;5;41;101mt[0;33;5;41;101mt[0;35;47m8[0;35;5;41;101m  [0;35;5;45;105m:[0;31;5;41;101m:[0;35;5;41;101m:[0;1;31;91;45m8[0;35;5;41;101m.[0;37;45m@[0;1;30;90;47m%[0;37;5;46;106m8[0;37;5;47;107m% .     .[0m
[0;37;5;47;107m       . [0;1;37;97;47mt[0;35;5;41;101m [0;1;35;95;45m:[0;35;5;41;101m [0;37;5;45;105m@[0;31;5;41;101m:[0;35;47m8[0;1;37;97;47m.[0;37;5;47;107m88[0;1;37;97;47m [0;1;35;95;47m%[0;1;35;95;5;41;101mX[0;35;5;41;101m [0;35;5;45;105m [0;31;5;41;101m:[0;37;45m@[0;35;5;41;101m [0;1;35;95;5;41;101m8[0;35;5;41;101m [0;1;35;95;45m:[0;1;35;95;5;41;101m@[0;35;5;41;101m [0;35;5;45;105m.[0;31;5;41;101m [0;35;5;41;101m [0;1;31;91;47m8[0;35;5;41;101m [0;1;35;95;5;41;101m8[0;35;5;41;101m [0;1;35;95;5;41;101m8[0;37;5;41;101m@[0;1;35;95;5;41;101m8[0;35;5;41;101m [0;37;5;45;105m@[0;35;5;41;101m [0;37;5;41;101m8[0;1;37;97;47mXt[0;37;5;47;107m8[0;1;37;97;47mS [0;35;5;41;101m [0;35;5;45;105m:[0;31;5;41;101mt[0;35;5;41;101mt[0;37;45m@[0;35;5;41;101m ;[0;37;45m@[0;35;5;41;101m [0;1;35;95;5;41;101m8[0;35;5;41;101m.[0;1;35;95;45m.[0;31;5;41;101m [0;1;31;91;45m8[0;1;35;95;5;41;101m8[0;35;5;41;101m.[0;35;47m8[0;31;5;41;101m [0;37;45m@[0;1;37;97;47mX[0;37;5;47;107m.  .  .  [0m
[0;37;5;47;107m  . .   .[0;1;37;97;47mS[0;35;5;41;101m [0;1;31;91;5;45;105m8[0;35;5;41;101m.;:[0;1;35;95;47m8[0;37;5;47;107m%S%.8[0;1;35;95;5;41;101m@[0;35;5;41;101m ;: [0;35;5;45;105m.[0;31;5;41;101m;[0;35;5;41;101m.[0;1;35;95;5;41;101m8[0;35;5;41;101m ;t[0;35;47m8[0;35;5;41;101m [0;35;5;45;105m [0;31;5;41;101m:[0;35;5;41;101m;[0;35;5;45;105m;[0;31;5;41;101m.[0;35;5;41;101m;[0;37;45mX[0;35;5;41;101m .[0;1;35;95;45m:[0;1;35;95;5;41;101m8[0;37;5;47;107mt  :%[0;35;5;41;101m :[0;37;45m8[0;35;5;41;101m  [0;35;5;45;105m:[0;31;5;41;101m.[0;35;5;41;101m [0;35;5;45;105m.[0;31;5;41;101m;[0;35;5;41;101m.[0;1;31;91;5;45;105m8[0;35;5;41;101m.[0;1;31;91;47m8[0;35;5;41;101m [0;35;5;45;105m.[0;31;5;41;101m [0;35;5;41;101m [0;1;31;91;45m8[0;37;5;47;107m; .       [0m
[0;37;5;47;107m     .   [0;1;37;97;47mS[0;35;5;41;101m [0;1;31;91;45m8[0;1;35;95;5;41;101m8[0;1;31;91;45m8[0;35;5;41;101m [0;1;35;95;5;41;101m8[0;1;37;97;47m [0;37;5;47;107m8[0;1;31;91;5;45;105m8[0;37;5;47;107m8[0;1;35;95;5;41;101m8[0;37;5;41;101m8[0;1;37;97;47m [0;1;35;95;47m@S[0;1;31;91;47mX[0;35;5;41;101m [0;37;45m@[0;1;35;95;47m8[0;1;31;91;47mX[0;1;35;95;47mS%[0;1;31;91;47m8[0;1;35;95;5;41;101m@[0;35;5;41;101m ;[0;1;35;95;47mS[0;1;37;97;47m [0;1;33;93;47mS[0;1;35;95;47mSS[0;1;35;95;5;41;101m8[0;1;31;91;47m8[0;1;35;95;5;41;101m8[0;35;5;41;101m [0;1;35;95;47m8[0;37;5;47;107mX;  :[0;1;31;91;5;45;105m8[0;35;5;41;101m  [0;37;5;45;105m@[0;37;5;41;101m8[0;1;37;97;47m   [0;1;31;91;47mX[0;1;35;95;47mX[0;37;5;41;101m8[0;35;5;41;101m [0;35;5;45;105m:[0;31;5;41;101m.[0;35;5;41;101mtt[0;1;31;91;45m8[0;1;31;91;5;45;105m8[0;35;5;41;101m [0;37;5;47;107m   . .  . [0m
[0;37;5;47;107m  .   . @[0;1;36;96;47m8[0;35;47m8[0;35;5;41;101m [0;1;31;91;45m8[0;1;35;95;5;41;101m8[0;35;5;41;101m.[0;1;35;95;47mS[0;37;5;47;107mX:  t[0;1;35;95;5;41;101m@[0;37;5;47;107m%.  [0;1;37;97;47m [0;31;5;41;101m [0;37;5;47;107m8%..8[0;35;5;41;101m [0;37;5;47;107m; :::%  ;[0;1;37;97;47m.[0;35;5;41;101m [0;1;35;95;5;41;101m8[0;37;5;47;107m .. X[0;35;5;41;101m [0;37;5;45;105m@[0;1;35;95;47mS[0;37;5;47;107mX.t:;:  8[0;35;5;41;101m [0;37;45m@[0;35;5;41;101m [0;35;5;45;105m.[0;33;5;41;101m.[0;35;5;41;101m;[0;35;47m@[0;1;37;97;47m8[0;37;5;47;107m      .  [0m
[0;37;5;47;107m    .   X[0;1;36;96;46m8[0;35;47m8[0;35;5;41;101m [0;35;5;45;105m [0;33;5;41;101m;[0;35;5;41;101m:[0;1;35;95;47m8[0;37;5;47;107m:   8[0;1;35;95;5;41;101m%[0;37;5;47;107m8; .8[0;1;35;95;5;41;101m%[0;37;5;47;107m8t..[0;1;37;97;47m:[0;1;31;91;5;45;105m8[0;37;5;47;107m.   [0;1;35;95;47m%[0;1;35;95;5;41;101m8[0;37;5;47;107m    [0;1;35;95;47m8[0;31;5;41;101m [0;37;5;47;107m  . :[0;35;5;41;101m [0;37;5;41;101m8[0;37;5;47;107m@  .8[0;1;35;95;5;41;101m@[0;37;5;47;107m.   8[0;35;5;41;101m .t[0;35;47m8[0;35;5;41;101m [0;1;30;90;47mS[0;37;5;46;106m8[0;37;5;47;107m%  .     [0m
[0;37;5;47;107m  .   . %[0;36;5;46;106m8[0;35;47m8[0;35;5;41;101m.t[0;37;45m@[0;35;5;41;101m [0;37;5;41;101m8[0;37;5;47;107m    8[0;31;5;41;101m [0;1;35;95;47mX[0;37;5;47;107m. t8[0;1;35;95;5;41;101mS[0;37;5;47;107m8: .[0;37;5;45;105m8[0;1;33;93;47mX[0;37;5;47;107m  ..[0;1;37;97;47m [0;1;35;95;5;41;101mX[0;37;5;47;107m    [0;1;35;95;47m%[0;1;35;95;5;41;101mX[0;37;5;47;107m   ..[0;1;35;95;5;41;101m8[0;1;35;95;47m8[0;37;5;47;107m: .:8[0;1;35;95;5;41;101m%[0;37;5;47;107m%.  %[0;1;35;95;5;41;101m8[0;1;31;91;45m8[0;35;5;41;101m [0;1;35;95;5;41;101m8[0;35;5;41;101m;[0;1;30;90;47m%[0;37;5;46;106m@[0;37;5;47;107mS   .  . [0m
[0;37;5;47;107m        %[0;1;36;96;46m8[0;35;47m8[0;35;5;41;101m..[0;1;35;95;5;41;101m8[0;35;5;41;101m [0;37;5;45;105m8[0;37;5;47;107m    8[0;1;35;95;5;41;101mXS[0;37;5;47;107m; ;%[0;1;35;95;5;41;101m8[0;37;5;47;107mS. %[0;1;35;95;5;41;101mS[0;1;35;95;47mS[0;37;5;47;107m;. :[0;1;35;95;47mS[0;31;5;41;101m [0;37;5;41;101m8[0;1;35;95;5;41;101m8[0;37;5;41;101m8[0;1;35;95;5;41;101m@[0;37;5;41;101m88[0;37;5;47;107mt . S[0;35;5;41;101m [0;1;35;95;47mX[0;37;5;47;107m.  t[0;1;37;97;47m [0;1;35;95;5;41;101mX[0;37;5;47;107m%   @[0;35;5;41;101m [0;37;5;45;105mX[0;35;5;41;101m.[0;1;31;91;45m8[0;1;35;95;45m.[0;1;30;90;47mt[0;1;36;96;47m8[0;37;5;47;107mt..      [0m
[0;37;5;47;107m  . . . t[0;36;47m8[0;35;47m8[0;35;5;41;101m.[0;35;5;45;105mt[0;31;5;41;101m;[0;1;31;91;45m8[0;1;31;91;47m@[0;37;5;47;107m:  .8[0;1;35;95;5;41;101mS[0;35;5;41;101m [0;37;5;47;107m8;  88. X[0;1;35;95;5;41;101mS[0;1;37;97;47m [0;37;5;47;107m;. :[0;1;37;97;47m [0;1;35;95;5;41;101mSX[0;35;5;41;101m [0;1;35;95;5;41;101m8[0;35;5;41;101m  [0;37;5;45;105m@[0;37;5;47;107mS ..:[0;35;5;41;101m [0;1;35;95;47m@[0;37;5;47;107m. .:8[0;1;35;95;5;41;101m%[0;37;5;47;107mS . t[0;35;5;41;101m .[0;35;5;45;105m:[0;33;5;41;101m [0;35;5;41;101m [0;1;30;90;47m;[0;36;5;46;106mX[0;37;5;47;107m.   .  . [0m
[0;37;5;47;107m         [0;1;37;97;47mt[0;35;5;41;101m [0;1;31;91;45m8[0;35;5;41;101m [0;35;47m8[0;35;5;41;101m [0;37;5;45;105m8[0;37;5;47;107m: ..8[0;1;35;95;5;41;101mX[0;35;5;41;101m [0;1;35;95;47mS[0;37;5;47;107m..:8t .8[0;1;35;95;5;41;101m%[0;1;35;95;47m%[0;37;5;47;107m. .:[0;37;5;45;105m8[0;31;5;41;101m [0;37;5;47;107m8888[0;37;5;45;105m8[0;31;5;41;101m [0;37;5;47;107m   .:[0;35;5;41;101m [0;1;35;95;47mX[0;37;5;47;107m.  t[0;1;37;97;47m [0;1;35;95;5;41;101mX[0;37;5;47;107m%   t[0;1;31;91;5;45;105m8[0;35;5;41;101m;t[0;35;47m8[0;35;5;41;101m [0;1;30;90;47mX[0;1;36;96;47m8[0;37;5;47;107mt.       [0m
[0;37;5;47;107m  .  .  .[0;1;37;97;47m%[0;35;5;41;101m [0;35;5;45;105m [0;31;5;41;101m.[0;35;5;41;101m [0;1;35;95;5;41;101m8[0;37;5;41;101m8[0;37;5;47;107m.  .8[0;1;35;95;5;41;101mX[0;35;5;41;101m [0;1;35;95;5;41;101m8[0;37;5;47;107m: ::  .8[0;31;5;41;101m [0;1;31;91;5;45;105m8[0;37;5;47;107m    [0;1;37;97;47m [0;1;35;95;5;41;101mS[0;37;5;47;107m8t:t[0;1;35;95;47mS[0;37;5;41;101m@[0;37;5;47;107m%. ..[0;1;35;95;5;41;101m8[0;37;5;41;101m8[0;37;5;47;107m   :8[0;1;35;95;5;41;101mS[0;37;5;47;107mS . 8[0;35;5;41;101m [0;37;45mX[0;35;5;41;101m [0;1;35;95;5;41;101m8[0;35;5;41;101m;[0;36;47m@[0;37;5;46;106m8[0;37;5;47;107mt. .  .  [0m
[0;37;5;47;107m    .    [0;1;37;97;47mS[0;35;5;41;101m ;[0;1;31;91;45m8[0;1;35;95;5;41;101m8[0;35;5;41;101m.[0;1;35;95;47m8[0;37;5;47;107m:  .8[0;1;35;95;5;41;101mX[0;35;5;41;101m  [0;37;5;47;107m%.   .;[0;1;35;95;5;41;101m8S[0;37;5;41;101m8[0;37;5;47;107m    8[0;1;35;95;47mS[0;37;5;47;107mS: X[0;1;35;95;5;41;101mX@[0;37;5;47;107m   .S[0;35;5;41;101m [0;37;5;45;105m8[0;37;5;47;107m@. t8[0;37;5;45;105m8[0;37;5;47;107m   :[0;1;37;97;47m.[0;1;35;95;5;41;101m@[0;35;5;41;101m [0;1;35;95;5;41;101m8[0;35;5;41;101m;[0;1;35;95;45m;[0;1;30;90;47m%[0;1;36;96;47mS[0;37;5;47;107m:    .   [0m
[0;37;5;47;107m  .   . X[0;36;47m@[0;35;47m8[0;35;5;41;101m.[0;35;5;45;105m.[0;31;5;41;101m;[0;35;5;41;101m:[0;1;35;95;47m8[0;37;5;47;107m;...8[0;1;35;95;5;41;101m@[0;35;5;41;101m.[0;37;5;45;105m@[0;1;35;95;47mS[0;37;5;47;107m:..  ;[0;37;5;41;101m8[0;1;35;95;5;41;101mX[0;35;5;41;101m [0;1;35;95;47mS[0;37;5;47;107m8:.:. ;8[0;1;35;95;5;41;101m8[0;37;5;41;101m88[0;37;5;47;107mt...:[0;35;5;41;101m  [0;1;35;95;47m@[0;37;5;47;107m8;:    X[0;1;37;97;47m [0;1;35;95;5;41;101mX[0;35;5;41;101m [0;1;31;91;5;45;105m8[0;35;5;41;101m;. [0;1;35;95;45m:[0;37;5;47;107m@       . [0m
[0;37;5;47;107m     .  t[0;36;5;46;106mX[0;35;47m8[0;35;5;41;101m.t[0;37;45m8[0;35;5;41;101m  [0;1;35;95;5;41;101m8[0;37;5;41;101m8[0;1;35;95;5;41;101m@[0;37;5;41;101m8[0;1;35;95;5;41;101m@[0;35;5;41;101m [0;1;35;95;47m@[0;37;5;47;107mS.  ..S[0;37;5;45;105m8[0;31;5;41;101m [0;1;35;95;5;41;101m8[0;35;5;41;101m [0;1;35;95;5;41;101m@[0;31;5;41;101m [0;1;35;95;5;41;101m8[0;37;5;41;101m8[0;1;35;95;5;41;101m8[0;37;5;41;101m8[0;1;35;95;5;41;101m8@S[0;37;5;41;101m8[0;1;35;95;5;41;101mS[0;35;5;41;101m [0;1;31;91;5;45;105m8[0;37;5;41;101m8[0;1;35;95;5;41;101m@[0;37;5;41;101m8[0;1;35;95;5;41;101m8[0;1;31;91;45m8[0;1;35;95;5;41;101m8[0;31;5;41;101m [0;35;5;41;101m [0;1;35;95;5;41;101m8[0;37;5;41;101m8[0;1;35;95;5;41;101m8[0;37;5;41;101m88[0;1;35;95;5;41;101m@SSX[0;35;5;41;101m [0;1;31;91;45m8[0;1;35;95;47m8[0;35;5;41;101m.[0;35;5;45;105m [0;33;5;41;101m [0;37;5;47;107m%    .    [0m
[0;37;5;47;107m  .    .S[0;1;36;96;46m8[0;35;47m8[0;35;5;41;101m.:[0;1;35;95;5;41;101m8[0;35;5;41;101m:[0;1;35;95;45m:[0;35;5;41;101m  [0;1;35;95;5;41;101m8[0;35;5;41;101m  [0;35;5;45;105m:[0;33;5;41;101m [0;1;37;97;47m  [0;1;35;95;47mS[0;1;37;97;47m [0;1;31;91;5;45;105m8[0;1;33;93;47mS[0;1;35;95;5;41;101mS[0;31;5;41;101m [0;1;35;95;5;41;101m8[0;35;5;41;101m [0;35;47m8[0;35;5;41;101m [0;1;35;95;5;41;101m8[0;35;5;41;101m [0;1;35;95;5;41;101m8[0;37;5;41;101m8[0;1;35;95;5;41;101mX[0;37;5;41;101m8[0;35;5;41;101m [0;1;35;95;5;41;101m@[0;35;5;41;101m [0;1;35;95;5;41;101m8[0;35;5;41;101m . [0;1;35;95;45m.[0;1;35;95;5;41;101mX[0;35;5;41;101m [0;37;5;41;101m8[0;35;5;41;101m [0;35;5;45;105m.[0;31;5;41;101m [0;35;5;41;101m [0;1;35;95;5;41;101m8[0;37;5;41;101m8[0;1;35;95;5;41;101mXX[0;35;5;41;101m  [0;1;35;95;5;41;101m8[0;35;5;41;101m [0;37;5;45;105m@[0;31;5;41;101m [0;35;5;41;101m.[0;1;31;91;45m8[0;31;5;41;101m [0;1;31;91;47m8[0;37;5;47;107m@       . [0m
[0;37;5;47;107m    .   %[0;37;5;46;106m8[0;35;5;40;100m [0;1;31;91;5;45;105m8[0;35;5;41;101m;[0;37;45mX[0;1;35;95;5;41;101m@[0;35;5;41;101m [0;37;5;45;105m8[0;35;5;41;101m [0;1;31;91;45m8[0;37;5;45;105m@[0;31;5;41;101m.[0;35;5;41;101mt.[0;1;35;95;5;41;101m@[0;31;5;41;101m [0;1;35;95;5;41;101m%%%S[0;35;5;41;101m [0;1;35;95;5;41;101m8[0;35;5;41;101m:[0;1;31;91;45m8[0;1;35;95;5;41;101m@[0;35;5;41;101m [0;1;35;95;45m.[0;37;5;41;101m8[0;35;5;41;101m [0;1;35;95;5;41;101m8[0;35;5;41;101m [0;1;35;95;5;41;101m8[0;35;5;41;101m [0;37;5;41;101m@[0;35;5;41;101m [0;1;35;95;45m;[0;37;5;41;101m8[0;35;5;45;105m [0;31;5;41;101m [0;35;5;41;101m [0;37;5;41;101m8[0;1;35;95;5;41;101m8[0;35;5;41;101m.[0;1;31;91;45m8[0;35;5;41;101m [0;35;47m8[0;35;5;41;101m  [0;1;35;95;5;41;101m8[0;35;5;41;101m  [0;37;5;45;105m8[0;35;5;41;101m.[0;1;31;91;45m8[0;35;5;41;101m :[0;1;35;95;45m.[0;1;35;95;5;41;101m@[0;35;5;41;101m [0;37;45mX[0;1;30;90;47mX[0;1;37;97;47m:[0;37;5;47;107m;    .   [0m
[0;37;5;47;107m  .   . t[0;36;47mX[0;37;45m8[0;35;5;41;101m  [0;1;35;95;5;41;101m8[0;35;5;41;101m .:[0;35;5;45;105m:[0;31;5;41;101m :[0;37;45m@[0;35;5;41;101m [0;1;35;95;45m:[0;35;5;41;101m [0;1;35;95;5;41;101m8[0;35;5;41;101m [0;1;35;95;5;41;101m@[0;35;5;41;101m [0;1;35;95;5;41;101m8[0;35;5;41;101m.[0;37;45m@[0;1;35;95;5;41;101m@[0;35;5;41;101m [0;1;35;95;5;41;101m8[0;35;5;41;101m [0;1;35;95;5;41;101m8[0;35;5;41;101m [0;35;5;45;105m.[0;31;5;41;101m:[0;35;5;41;101m:[0;35;47m8[0;35;5;41;101m [0;35;5;45;105m.[0;35;5;41;101m. .t[0;35;47m8[0;1;35;95;5;41;101m@[0;35;5;41;101m [0;1;35;95;45m:[0;1;35;95;5;41;101m8[0;35;5;41;101m [0;1;35;95;45m.[0;1;35;95;5;41;101mX8[0;1;31;91;45m8[0;35;5;41;101m [0;1;35;95;47m8[0;35;5;41;101m::[0;1;35;95;45m:[0;1;35;95;5;41;101m@[0;1;31;91;47m8[0;35;5;41;101m [0;1;35;95;5;41;101m8[0;35;5;41;101m.[0;37;5;45;105m@[0;31;5;41;101m [0;1;30;90;47m@[0;37;5;46;106m8[0;37;5;47;107mt.     . [0m
[0;37;5;47;107m    .    8[0;35;5;41;101m [0;35;5;45;105m;[0;35;5;41;101mt;[0;37;5;45;105m@[0;35;5;41;101m;[0;1;31;91;45m8[0;33;5;41;101m [0;1;31;91;45m8[0;35;5;41;101m [0;1;35;95;5;41;101m8[0;35;5;41;101m [0;1;35;95;5;41;101m8[0;37;5;41;101m8[0;35;5;41;101m [0;35;5;45;105m.[0;31;5;41;101m.[0;35;5;41;101m:[0;37;45m@[0;35;5;41;101m [0;1;35;95;5;41;101m@[0;35;5;41;101m [0;35;47m8[0;35;5;41;101m [0;35;5;45;105m:[0;33;5;41;101m:[0;35;5;41;101m;t[0;35;47m8[0;35;5;41;101m [0;1;35;95;5;41;101m8[0;35;5;41;101m.t[0;1;35;95;45m.[0;1;35;95;5;41;101m8[0;35;5;41;101m.[0;35;5;45;105m.[0;31;5;41;101m [0;35;5;41;101m:[0;35;5;45;105m.[0;31;5;41;101m [0;35;5;41;101m:[0;1;35;95;47m8[0;31;5;41;101m [0;35;5;41;101m .[0;37;5;45;105m@[0;31;5;41;101m [0;35;5;41;101m:[0;1;35;95;45m:[0;1;35;95;5;41;101m@[0;35;5;41;101m  [0;35;5;45;105m.[0;31;5;41;101m:[0;1;31;91;45m8[0;35;5;41;101m .[0;37;45mX[0;1;30;90;47m%[0;1;36;96;47m8[0;37;5;47;107m: .  .   [0m
[0;37;5;47;107m  .   . . [0;1;37;97;47mS[0;1;31;91;47m@[0;1;35;95;47mX[0;1;30;90;47mXX;.[0;36;47m@[0;1;30;90;47m [0;36;47m@[0;1;30;90;47m;[0;35;47mS[0;1;35;95;47m8[0;37;5;41;101m8[0;1;35;95;47m8[0;33;5;41;101m [0;1;37;97;47m;[0;1;30;90;47mtX%tS8t@[0;35;47m@[0;1;35;95;47m@[0;37;5;41;101m8[0;37;5;45;105m8[0;1;31;91;47m8[0;1;30;90;47m.@;:.[0;36;47m8[0;1;30;90;47m8;8[0;37;5;41;101m8[0;1;35;95;47mX[0;37;5;41;101m88[0;1;35;95;47mS[0;1;30;90;47m;tX[0;36;47m8[0;1;30;90;47mSt:t[0;35;47m8[0;37;5;41;101m8[0;1;35;95;47mX[0;1;31;91;47m@[0;1;35;95;47m@[0;1;30;90;47mt:[0;37;5;46;106m8[0;37;5;47;107mX  .     .[0m
[0;37;5;47;107m     .     : ;;;;::;; .    :;;;t;;:    ::t;;;:t;.     ;;;t;;t:    .:;. .  .  .  [0m
[0;37;5;47;107m  .    .   .  .      .          .      . .      .                  . .     .    [0m
[0;37;5;47;107m    .     . .    .            .    .      .     .      . .  .           .     . [0m
[0;37;5;47;107m  .   .       .    .  .          .     .         .              . .   .   . .   [0m
[0;37;5;47;107m    .   . .    .    .         .     .     .  . .      .  . .  .         .     . [0m
